1)4.0 , 1.2732395447351628 
2)2.666666666666667 , 0.8488263631567753 
3)3.466666666666667 , 1.1034742721038078 
4)2.8952380952380956 , 0.9215829085702132 
5)3.3396825396825403 , 1.0630539690963423 
6)2.9760461760461765 , 0.947304919574964 
7)3.2837384837384844 , 1.0452464230161305 
8)3.017071817071818 , 0.9603637867004529 
9)3.2523659347188767 , 1.0352602305084035 
10)3.0418396189294032 , 0.9682476228907636 
11)3.232315809405594 , 1.028878077401962 
12)3.058402765927333 , 0.9735198363265201 
13)3.2184027659273333 , 1.0244494181159265 
14)3.0702546177791854 , 0.9772923979405502 
15)3.208185652261944 , 1.0211972098279696 
16)3.079153394197428 , 0.980124966449416 
17)3.200365515409549 , 1.0187079829565422 
18)3.0860798011238346 , 0.9823297102498232 
19)3.1941879092319425 , 1.01674158983726 
20)3.09162380666784 , 0.9840944220235378 
21)3.189184782277596 , 1.015149045065859 
22)3.0961615264636424 , 0.9855388230952736 
23)3.1850504153525314 , 1.0138330352004996 
24)3.099944032373808 , 0.986742832121028 
25)3.1815766854350325 , 1.0127273126258272 
26)3.1031453128860127 , 0.9877618313565102 
27)3.1786170109992202 , 1.0117852189930228 
28)3.1058897382719475 , 0.988635409088747 
29)3.1760651768684385 , 1.0109729449612936 
30)3.108268566698947 , 0.9893926136945961 
31)3.1738423371907505 , 1.010265393116484 
32)3.110350273698687 , 0.9900552416127514 
33)3.1718887352371485 , 1.0096435423009846 
34)3.112187242699835 , 0.9906399670064299 
35)3.1701582571925884 , 1.009092714031577 
36)3.1138202290235744 , 0.991159762697279 
37)3.1686147495715193 , 1.0086014002963908 
38)3.115281416238186 , 0.9916248730332553 
39)3.167229468186238 , 1.0081604515363094 
40)3.116596556793833 , 0.992043495273839 
41)3.1659792728432157 , 1.0077625019989644 
42)3.117786501758878 , 0.9924222665202275 
43)3.1648453252882898 , 1.0074015552818176 
44)3.118868313794037 , 0.9927666179860111 
45)3.163812134018756 , 1.0070726802864063 
46)3.1198560900627124 , 0.9930810369376681 
47)3.1628668427508844 , 1.0067717847305193 
48)3.1207615795929895 , 0.9933692632069914 
49)3.161998692995051 , 1.0064954440805496 
50)3.121594652591011 , 0.9936344385781744 
51)3.1611986129870506 , 1.006240770704265 
52)3.12236366153074 , 0.9938792217262538 
53)3.160458899625978 , 1.0060053126284934 
54)3.1230757220558845 , 0.9941058776309685 
55)3.1597729697623063 , 1.005786974371658 
56)3.12373693372627 , 0.9943163478425123 
57)3.159135163814766 , 1.0055839544330891 
58)3.124352555119114 , 0.9945123062180007 
59)3.158540589307148 , 1.0053946954892414 
60)3.1249271439289967 , 0.9946952035166771 
61)3.157984995168666 , 1.0052178443822568 
62)3.125464669965414 , 0.9948663033681497 
63)3.157464669965414 , 1.0050522197260312 
64)3.125968606973288 , 0.99502671149977 
65)3.1569763589112725 , 1.004896785489965 
66)3.1264420077662343 , 0.995177399652292 
67)3.156517195736159 , 1.0047506293119548 
68)3.126887566106529 , 0.9953192252768795 
69)3.1560846463985 , 1.0046129445815157 
70)3.127307667981234 , 0.9954529478568025 
71)3.155676462307475 , 1.0044830155499596 
72)3.127704434335447 , 0.9955792425098536 
73)3.155290641231999 , 1.0043602048873375 
74)3.1280797568782575 , 0.9956987113857377 
75)3.15492539446215 , 1.004243943229598 
76)3.1284353282369843 , 0.9958118932644643 
77)3.1545791190866574 , 1.0041337203542366 
78)3.128772667473754 , 0.9959192716785259 
79)3.1542503744801236 , 1.0040290776959473 
80)3.129093141775721 , 0.9960212818171098 
81)3.1539378622726155 , 1.0039296019707444 
82)3.129397984972002 , 0.996118316420222 
83)3.1536404092144266 , 1.0038349197216472 
84)3.129688313406043 , 0.9962107308310174 
85)3.1533569524592977 , 1.0037446926341842 
86)3.129965139593801 , 0.9962988473433353 
87)3.153086526877038 , 1.0036586134978738 
88)3.1302293840198954 , 0.9963829589565301 
89)3.1528282540763923 , 1.003576402712096 
90)3.1304818853613083 , 0.9964633326297765 
91)3.1525813328751204 , 1.0034978052526227 
92)3.1307234093778527 , 0.9965402121119934 
93)3.1523450309994745 , 1.003422588029481 
94)3.1309546566679236 , 0.9966138204105762 
95)3.152118677831945 , 1.0033505375784872 
96)3.131176269454982 , 0.9966843619516016 
97)3.151901658056018 , 1.0032814580383123 
98)3.1313888375431977 , 0.9967520244755679 
99)3.1516934060711166 , 1.0032151693727007 
100)3.1315929035585537 , 0.9968169807056898 
1000)3.140592653839794 , 0.999681690193394 
10000)3.1414926535900345 , 0.9999681690114585 
100000)3.1415826535897198 , 0.9999968169011149 
1000000)3.1415916535897743 , 0.9999996816901079 
10000000)3.1415925535897915 , 0.9999999681690108 
