1) 4.0, 1.2738853503184713
2) 4.0, 1.2738853503184713
3) 2.6666666666666665, 0.8492569002123141
4) 3.0, 0.9554140127388535
5) 4.0, 1.2738853503184713
6) 4.0, 1.2738853503184713
7) 3.4285714285714284, 1.091901728844404
8) 3.5, 1.1146496815286624
9) 3.5555555555555554, 1.1323425336164188
10) 2.8, 0.8917197452229298
11) 2.909090909090909, 0.9264620729588883
12) 3.0, 0.9554140127388535
13) 3.076923076923077, 0.9799118079372856
14) 3.7142857142857144, 1.1828935395814377
15) 3.7333333333333334, 1.1889596602972399
16) 3.25, 1.0350318471337578
17) 3.0588235294117645, 0.9741476208317721
18) 3.3333333333333335, 1.0615711252653928
19) 3.5789473684210527, 1.1397921555481059
20) 3.6, 1.1464968152866242
21) 2.857142857142857, 0.9099181073703366
22) 2.727272727272727, 0.8685581933989577
23) 2.4347826086956523, 0.7754084741068956
24) 3.3333333333333335, 1.0615711252653928
25) 3.04, 0.9681528662420382
26) 3.5384615384615383, 1.1268985791278785
27) 2.3703703703703702, 0.7548950224109459
28) 3.5714285714285716, 1.1373976342129208
29) 3.1724137931034484, 1.010322864045684
30) 3.3333333333333335, 1.0615711252653928
31) 3.4838709677419355, 1.1095130470515717
32) 3.375, 1.0748407643312101
33) 2.909090909090909, 0.9264620729588883
34) 2.9411764705882355, 0.9366804046459348
35) 2.9714285714285715, 0.9463148316651502
36) 2.888888888888889, 0.9200283085633404
37) 3.2432432432432434, 1.0328800137717336
38) 3.3684210526315788, 1.072745558162923
39) 3.3846153846153846, 1.077902988731014
40) 3.1, 0.9872611464968153
41) 3.317073170731707, 1.0563927295323907
42) 3.5238095238095237, 1.1222323324234151
43) 3.3488372093023258, 1.0665086653829063
44) 3.090909090909091, 0.9843659525188186
45) 3.3777777777777778, 1.075725406935598
46) 3.4782608695652173, 1.1077263915812794
47) 2.893617021276596, 0.9215340832091069
48) 3.25, 1.0350318471337578
49) 3.1020408163265305, 0.9879110880020797
50) 2.96, 0.9426751592356687
51) 3.0588235294117645, 0.9741476208317721
52) 2.8461538461538463, 0.9064184223419892
53) 2.943396226415094, 0.9373873332532147
54) 3.111111111111111, 0.9907997169143665
55) 3.3454545454545452, 1.0654313839027214
56) 2.7857142857142856, 0.8871701546860782
57) 3.087719298245614, 0.9833500949826796
58) 3.3793103448275863, 1.076213485613881
59) 2.9152542372881354, 0.9284249163338011
60) 3.2, 1.019108280254777
61) 3.278688524590164, 1.0441683199331733
62) 3.032258064516129, 0.9656872816930346
63) 3.3015873015873014, 1.051460924072389
64) 3.125, 0.9952229299363057
65) 3.076923076923077, 0.9799118079372856
66) 3.090909090909091, 0.9843659525188186
67) 2.746268656716418, 0.8746078524574579
68) 3.2941176470588234, 1.0490820532034468
69) 3.072463768115942, 0.9784916458967967
70) 3.257142857142857, 1.0373066424021837
71) 3.211267605633803, 1.022696689692294
72) 3.3333333333333335, 1.0615711252653928
73) 3.1780821917808217, 1.0121280865544018
74) 3.2972972972972974, 1.050094680667929
75) 2.933333333333333, 0.9341825902335456
76) 3.4210526315789473, 1.089507207509219
77) 3.064935064935065, 0.976093969724543
78) 3.230769230769231, 1.02890739833415
79) 3.1392405063291138, 0.9997581230347495
80) 2.65, 0.8439490445859872
81) 3.2098765432098766, 1.0222536761814893
82) 3.1707317073170733, 1.0097871679353736
83) 3.2289156626506026, 1.0283170900161154
84) 3.380952380952381, 1.0767364270548982
85) 2.9647058823529413, 0.9441738478831023
86) 3.1627906976744184, 1.0072581839727446
87) 2.896551724137931, 0.922468701954755
88) 3.090909090909091, 0.9843659525188186
89) 3.0112359550561796, 0.9589923423745794
90) 3.111111111111111, 0.9907997169143665
91) 2.989010989010989, 0.951914327710506
92) 2.9565217391304346, 0.9415674328440874
93) 3.2688172043010755, 1.0410245873570303
94) 3.276595744680851, 1.0435018295161946
95) 3.4105263157894736, 1.0861548776399597
96) 3.4166666666666665, 1.0881104033970275
97) 2.845360824742268, 0.9061658677523147
98) 3.3469387755102042, 1.065904068633823
99) 3.2323232323232323, 1.0294023032876536
100) 3.32, 1.0573248407643312
1000) 3.176, 1.0114649681528662
10000) 3.1152, 0.9921019108280255
100000) 3.1462, 1.0019745222929937
1000000) 3.141356, 1.0004318471337579
10000000) 3.1407156, 1.000227898089172
